((66, 1386), 51)
((1012, 1387), 24)
((536, 1079), 23)
((536, 6989), 30)
((943, 944), 67)
((1117, 6970), 25)
((536, 739), 22)
((6836, 6917), 44)
((6969, 7503), 26)
((6452, 12679), 28)
((6452, 6700), 45)
((1471, 12894), 26)
((524, 1628), 85)
((446, 7148), 24)
((1013, 1402), 61)
((7502, 12685), 25)
((1012, 1402), 25)
((197, 13295), 72)
((138, 1959), 31)
((7499, 26421), 26)
((255, 14648), 26)
((1605, 5238), 23)
((197, 14960), 25)
((1387, 7517), 27)
((5239, 13353), 25)
((524, 1211), 26)
((6398, 6407), 21)
((1605, 21809), 24)
((197, 1233), 33)
((4988, 6451), 29)
((6805, 7490), 24)
((1004, 1471), 43)
((1226, 1402), 35)
((1604, 14872), 29)
((1313, 1572), 28)
((1070, 1471), 22)
((6836, 6989), 32)
((1312, 1368), 34)
((1313, 1450), 30)
((1591, 8001), 27)
((1313, 1402), 36)
((14871, 14872), 22)
((7200, 18647), 31)
((1203, 1210), 22)
((1226, 1473), 26)
((995, 7212), 29)
((1117, 1628), 26)
((1210, 1408), 25)
((1402, 1494), 31)
((536, 1370), 28)
((12042, 12698), 27)
((8080, 12698), 25)
((2402, 2513), 42)
((1402, 7457), 32)
((1473, 5239), 67)
((938, 1117), 21)
((417, 1007), 27)
((197, 1312), 62)
((524, 943), 21)
((1473, 8000), 67)
((939, 7212), 22)
((1283, 1526), 26)
((1402, 1546), 32)
((5436, 6805), 28)
((6420, 6452), 23)
((1117, 1574), 23)
((1211, 1408), 35)
((1604, 7008), 29)
((938, 1000), 33)
((5436, 12681), 43)
((417, 1473), 30)
((7049, 7503), 22)
((1473, 1572), 148)
((446, 1370), 38)
((197, 1543), 31)
((17248, 19445), 27)
((1611, 7212), 24)
((6216, 6421), 26)
((5436, 12492), 27)
((536, 1386), 283)
((6699, 6701), 24)
((1117, 1402), 34)
((2513, 2787), 35)
((1000, 1200), 36)
((197, 1594), 28)
((1473, 7071), 34)
((938, 1116), 22)
((370, 8001), 25)
((1473, 7475), 27)
((5436, 6008), 40)
((7505, 7510), 29)
((1471, 13541), 24)
((23172, 23819), 29)
((1473, 7464), 24)
((1004, 1408), 22)
((968, 1473), 33)
((821, 13295), 23)
((5239, 6452), 27)
((6410, 7166), 21)
((1473, 18724), 23)
((7212, 8001), 32)
((410, 1494), 21)
((1210, 1226), 25)
((1011, 1203), 23)
((1283, 1602), 25)
((1611, 6803), 21)
((524, 1473), 30)
((2402, 2512), 25)
((1572, 7476), 27)
((1605, 1614), 21)
((1603, 1604), 107)
((7464, 7476), 23)
((6452, 7043), 22)
((1473, 7998), 73)
((1210, 1386), 24)
((1210, 1211), 31)
((80, 197), 21)
((197, 1070), 21)
((1370, 13541), 24)
((1473, 7490), 32)
((1572, 7998), 43)
((5422, 6969), 23)
((1000, 7518), 30)
((5436, 5437), 54)
((1000, 1011), 40)
((938, 943), 79)
((1572, 14872), 42)
((8001, 10297), 26)
((1473, 5294), 23)
((1553, 5422), 23)
((23819, 23904), 22)
((6683, 7469), 32)
((1386, 7173), 21)
((536, 12972), 22)
((255, 301), 21)
((1116, 1117), 143)
((995, 1402), 50)
((1473, 1614), 21)
((1473, 1604), 128)
((2512, 5422), 38)
((6700, 12698), 54)
((446, 1605), 24)
((5287, 12685), 24)
((197, 1572), 32)
((1473, 10296), 21)
((6419, 6420), 37)
((197, 14794), 27)
((1473, 1567), 21)
((197, 1067), 24)
((197, 1601), 40)
((10232, 12110), 27)
((943, 1574), 27)
((1611, 6229), 21)
((995, 8000), 24)
((5712, 6452), 21)
((1283, 8001), 56)
((5436, 12258), 28)
((536, 1605), 80)
((5436, 7043), 30)
((197, 7221), 26)
((255, 1448), 27)
((1004, 13295), 21)
((1402, 13228), 23)
((66, 1387), 41)
((1473, 7503), 68)
((1572, 5239), 26)
((1283, 1604), 31)
((1473, 6969), 36)
((536, 1603), 36)
((1473, 7493), 30)
((1370, 1473), 53)
((1312, 16524), 21)
((407, 3639), 23)
((1117, 1408), 28)
((1007, 1280), 24)
((430, 996), 38)
((7503, 8101), 28)
((1386, 1591), 23)
((996, 6361), 34)
((6085, 7502), 39)
((5285, 5436), 28)
((197, 446), 44)
((6088, 6452), 28)
((1471, 1555), 25)
((1473, 7476), 59)
((536, 684), 21)
((1473, 18264), 27)
((1604, 6969), 31)
((7049, 7050), 86)
((1678, 12110), 30)
((197, 255), 56)
((1471, 7503), 24)
((941, 1387), 26)
((1117, 1525), 24)
((407, 536), 23)
((126, 446), 26)
((1386, 1602), 32)
((1604, 6452), 31)
((536, 7049), 26)
((3974, 6452), 34)
((1387, 1603), 33)
((1611, 7057), 26)
((1604, 7492), 27)
((12744, 13295), 28)
((1611, 7503), 40)
((858, 1473), 55)
((536, 4767), 21)
((5391, 7006), 28)
((1007, 1628), 39)
((370, 1370), 28)
((1312, 1313), 29)
((5412, 5413), 34)
((524, 1387), 46)
((1594, 7071), 23)
((1233, 7517), 21)
((12042, 12681), 24)
((786, 1203), 29)
((1004, 1572), 21)
((197, 1473), 83)
((1007, 1627), 27)
((1283, 1473), 64)
((255, 1508), 29)
((7212, 13350), 24)
((1005, 1473), 22)
((1233, 1313), 27)
((1572, 4767), 21)
((182, 7106), 35)
((578, 13982), 24)
((1283, 7212), 30)
((862, 1233), 24)
((6229, 7010), 33)
((5436, 7502), 68)
((536, 1494), 24)
((446, 1387), 36)
((1283, 13353), 23)
((1386, 4477), 55)
((1574, 1594), 35)
((1574, 1604), 36)
((255, 1471), 56)
((7474, 7475), 47)
((236, 301), 31)
((197, 1011), 22)
((370, 1473), 34)
((446, 1368), 26)
((1366, 1471), 22)
((6338, 6477), 34)
((1402, 14648), 22)
((1368, 13541), 24)
((1408, 1473), 30)
((1594, 7517), 32)
((1312, 12851), 21)
((5436, 6410), 70)
((23904, 23950), 22)
((1611, 7518), 29)
((446, 6360), 22)
((417, 7221), 26)
((1003, 1211), 21)
((671, 1402), 21)
((613, 1574), 23)
((6398, 6402), 27)
((737, 1402), 39)
((536, 1010), 27)
((1233, 1594), 26)
((1233, 1604), 47)
((297, 536), 31)
((1283, 7968), 31)
((1473, 1555), 33)
((1402, 7173), 31)
((430, 536), 28)
((1591, 18738), 22)
((536, 6360), 30)
((1013, 1212), 23)
((1386, 1402), 59)
((1200, 1402), 25)
((5239, 8001), 42)
((1233, 1605), 44)
((5436, 6411), 22)
((5239, 19484), 21)
((1200, 1386), 26)
((1200, 1211), 23)
((5436, 6448), 21)
((1368, 1601), 21)
((924, 1012), 22)
((1473, 8001), 121)
((938, 944), 78)
((1473, 12525), 31)
((1473, 7491), 78)
((613, 939), 91)
((6410, 12110), 22)
((5281, 7502), 21)
((5436, 12490), 27)
((1526, 4767), 28)
((1604, 5436), 24)
((6360, 13295), 22)
((7475, 7490), 43)
((3974, 5436), 49)
((1555, 1604), 22)
((6402, 6403), 22)
((1611, 6989), 44)
((821, 1473), 43)
((1594, 7503), 35)
((524, 1116), 21)
((613, 772), 23)
((1572, 1574), 25)
((536, 7010), 21)
((6338, 7071), 29)
((1007, 1574), 23)
((13295, 13541), 23)
((2824, 23815), 27)
((1007, 1013), 34)
((6452, 12177), 22)
((536, 858), 41)
((1210, 1402), 29)
((6414, 6700), 32)
((2321, 5436), 29)
((197, 407), 23)
((446, 7212), 33)
((1313, 1471), 44)
((1067, 1313), 22)
((1313, 6452), 24)
((1013, 13228), 27)
((1408, 1471), 21)
((737, 786), 28)
((1605, 7469), 36)
((66, 1203), 25)
((5281, 5436), 33)
((968, 1604), 21)
((536, 4477), 81)
((858, 8001), 21)
((1473, 8101), 24)
((370, 1602), 23)
((1000, 1555), 23)
((427, 6360), 21)
((858, 1012), 30)
((1473, 10297), 22)
((858, 1002), 25)
((4976, 4980), 21)
((1473, 6970), 27)
((12867, 12873), 22)
((2403, 7464), 44)
((1370, 13295), 33)
((1471, 1496), 25)
((1011, 1212), 23)
((1387, 1604), 64)
((1233, 14871), 21)
((995, 1233), 32)
((1116, 1211), 28)
((995, 14960), 33)
((613, 1000), 51)
((5466, 7008), 39)
((6446, 12042), 22)
((6088, 6451), 26)
((5294, 5435), 29)
((1386, 1603), 45)
((1471, 7212), 25)
((1605, 7492), 26)
((7476, 8001), 30)
((862, 1386), 24)
((545, 739), 21)
((1402, 6970), 21)
((772, 1386), 21)
((536, 1508), 24)
((1000, 1473), 62)
((6452, 12681), 37)
((1002, 1386), 21)
((5436, 12487), 28)
((1604, 8000), 31)
((6230, 6915), 21)
((1508, 1597), 23)
((6452, 12110), 26)
((23172, 70626), 26)
((547, 821), 23)
((536, 1203), 39)
((1368, 1448), 26)
((1402, 7212), 32)
((1542, 2513), 21)
((1312, 1450), 21)
((5294, 5436), 58)
((536, 821), 38)
((1212, 1473), 21)
((1368, 1543), 31)
((1000, 1605), 27)
((684, 1370), 30)
((2513, 7057), 23)
((993, 1000), 31)
((4477, 7049), 31)
((1471, 1546), 24)
((6969, 8000), 22)
((23950, 24870), 21)
((6700, 6701), 37)
((536, 924), 39)
((8001, 13295), 29)
((1007, 1117), 46)
((1347, 1471), 21)
((1594, 7008), 27)
((1605, 7008), 34)
((1002, 1117), 23)
((6989, 19341), 25)
((5236, 5239), 85)
((6989, 7051), 31)
((524, 1004), 21)
((1000, 1123), 26)
((197, 14566), 23)
((536, 7341), 21)
((995, 1007), 22)
((1604, 7490), 23)
((1471, 1602), 50)
((5235, 7212), 21)
((1313, 7476), 22)
((6228, 7010), 30)
((1386, 7457), 22)
((1574, 1605), 40)
((1386, 14794), 21)
((1313, 1555), 24)
((1471, 14794), 35)
((1473, 14795), 27)
((536, 8101), 27)
((1313, 9853), 22)
((7476, 10298), 24)
((1473, 14844), 22)
((1211, 7173), 32)
((536, 7457), 38)
((1386, 7008), 41)
((446, 7457), 24)
((49, 536), 21)
((13588, 15417), 26)
((197, 1604), 27)
((1473, 14568), 27)
((7487, 12873), 21)
((1272, 1368), 25)
((524, 1526), 23)
((5463, 5467), 25)
((1473, 1590), 35)
((1402, 12894), 28)
((1386, 7221), 21)
((5436, 6414), 22)
((407, 446), 21)
((858, 1402), 44)
((1471, 1601), 25)
((2787, 7464), 67)
((7212, 13295), 43)
((1007, 1408), 55)
((1604, 10298), 26)
((5239, 19503), 22)
((7998, 8001), 30)
((1200, 1387), 23)
((536, 1226), 40)
((1605, 7473), 24)
((1387, 1605), 61)
((1370, 1471), 51)
((417, 1471), 29)
((5436, 6807), 23)
((1386, 1563), 25)
((1402, 1450), 29)
((1013, 1117), 30)
((941, 1386), 33)
((821, 1002), 23)
((1283, 1594), 25)
((821, 1233), 26)
((536, 1555), 32)
((1594, 8001), 26)
((1471, 1614), 26)
((1117, 1473), 33)
((995, 1004), 25)
((430, 1471), 22)
((197, 1370), 48)
((1370, 1602), 34)
((786, 924), 29)
((6821, 6971), 27)
((613, 1473), 31)
((1526, 1603), 40)
((1526, 1604), 58)
((1000, 1387), 71)
((197, 1210), 23)
((1594, 8000), 31)
((1471, 14648), 41)
((613, 1116), 35)
((1602, 1611), 28)
((7487, 7518), 28)
((1387, 7008), 36)
((1602, 1605), 34)
((786, 1386), 38)
((5436, 12042), 44)
((6917, 6989), 63)
((5239, 14960), 22)
((5422, 19431), 21)
((7221, 8001), 25)
((524, 1000), 33)
((1000, 7050), 24)
((7048, 7050), 52)
((6378, 6380), 21)
((197, 1539), 21)
((786, 1211), 27)
((5239, 13295), 25)
((461, 786), 27)
((5286, 5287), 25)
((536, 1313), 22)
((410, 1387), 21)
((5236, 7476), 21)
((1368, 1370), 27)
((1004, 1402), 37)
((6420, 6700), 21)
((737, 1203), 22)
((7785, 15116), 22)
((1471, 1603), 23)
((536, 7008), 45)
((536, 1210), 34)
((80, 1471), 31)
((7491, 7517), 24)
((6085, 12444), 22)
((1233, 1387), 44)
((1627, 1628), 64)
((1473, 10298), 42)
((6805, 7476), 21)
((1526, 6699), 25)
((370, 1471), 37)
((6452, 12698), 44)
((1234, 8001), 24)
((2787, 7057), 44)
((1218, 1226), 23)
((410, 1402), 38)
((1555, 1605), 23)
((10297, 10298), 22)
((1386, 1628), 30)
((924, 1402), 41)
((1233, 7998), 35)
((5236, 5238), 87)
((1203, 4477), 26)
((1117, 19298), 25)
((1211, 12894), 21)
((5239, 7464), 24)
((996, 1605), 27)
((1526, 7503), 28)
((1233, 5239), 22)
((3721, 7502), 22)
((858, 1013), 34)
((944, 968), 67)
((5422, 19484), 23)
((6398, 6400), 33)
((1386, 7050), 27)
((1605, 6452), 31)
((6480, 6481), 24)
((1604, 8001), 46)
((524, 1408), 28)
((536, 6970), 33)
((197, 1714), 40)
((1473, 6836), 40)
((1233, 4767), 22)
((6917, 7049), 26)
((1471, 4767), 23)
((1604, 6917), 27)
((6451, 6700), 33)
((6744, 7475), 36)
((66, 4477), 46)
((7460, 7473), 54)
((1594, 5236), 21)
((1007, 1012), 22)
((1553, 2787), 22)
((1473, 1513), 21)
((999, 1000), 22)
((6227, 7010), 27)
((5422, 19489), 25)
((862, 1402), 29)
((1211, 1471), 33)
((5239, 7212), 34)
((943, 1602), 22)
((446, 996), 21)
((7452, 19334), 25)
((1473, 13295), 49)
((182, 7105), 24)
((197, 1563), 42)
((1283, 1471), 28)
((1233, 14872), 25)
((5017, 5436), 25)
((325, 1621), 26)
((1526, 6414), 27)
((197, 1188), 21)
((1233, 1386), 61)
((301, 1621), 32)
((12970, 12971), 23)
((536, 1602), 45)
((938, 939), 87)
((1471, 13295), 28)
((446, 12851), 29)
((1605, 8000), 33)
((1007, 1011), 29)
((1604, 6803), 21)
((5239, 7503), 25)
((1471, 7173), 32)
((1402, 8001), 45)
((1604, 13295), 29)
((1611, 7510), 31)
((23934, 70626), 26)
((924, 1526), 22)
((446, 1602), 27)
((7222, 7460), 23)
((1347, 7212), 21)
((3974, 6700), 22)
((1473, 1563), 36)
((6082, 6084), 28)
((609, 1370), 24)
((23360, 70626), 21)
((197, 1597), 31)
((858, 1010), 21)
((1000, 7220), 21)
((1313, 8000), 34)
((5436, 6412), 22)
((1526, 7051), 21)
((536, 21926), 21)
((1473, 1591), 39)
((12851, 13295), 41)
((1574, 7503), 21)
((7341, 13330), 30)
((1313, 51259), 39)
((6451, 7502), 36)
((5287, 12681), 24)
((943, 1368), 21)
((197, 7491), 23)
((1604, 7998), 36)
((1574, 1603), 21)
((461, 862), 28)
((999, 1007), 21)
((1604, 5236), 27)
((1540, 21949), 27)
((858, 7212), 21)
((1572, 8001), 51)
((6082, 6083), 29)
((5436, 6082), 27)
((7504, 7505), 24)
((5437, 6085), 22)
((8001, 13353), 27)
((545, 1386), 23)
((995, 13295), 33)
((1116, 1526), 32)
((739, 1000), 36)
((1572, 7491), 35)
((1567, 1574), 24)
((6206, 6461), 22)
((1473, 6338), 26)
((1611, 7050), 108)
((5239, 7057), 35)
((1368, 1597), 31)
((446, 536), 54)
((1283, 1368), 21)
((858, 1007), 23)
((1002, 1112), 22)
((1007, 12894), 22)
((1218, 1386), 26)
((7504, 7510), 21)
((461, 1473), 30)
((1473, 13353), 26)
((5422, 7212), 27)
((524, 1471), 29)
((737, 1473), 38)
((943, 7212), 30)
((5235, 5236), 56)
((1613, 1614), 57)
((6744, 7490), 25)
((1000, 1604), 30)
((613, 1117), 46)
((1526, 5436), 36)
((1603, 7469), 24)
((772, 1574), 23)
((1602, 7503), 22)
((1387, 7476), 28)
((862, 1218), 24)
((1386, 5463), 21)
((2327, 12110), 32)
((786, 1402), 49)
((6917, 19341), 30)
((1602, 1604), 36)
((6398, 6401), 29)
((6452, 7469), 21)
((1508, 1546), 23)
((4767, 8001), 34)
((1283, 1313), 37)
((1605, 8001), 57)
((1233, 7476), 21)
((995, 1572), 33)
((1574, 7008), 25)
((1574, 4477), 25)
((4988, 6379), 23)
((6082, 6085), 27)
((786, 1387), 35)
((7048, 7051), 56)
((1386, 1611), 51)
((6446, 7502), 29)
((1368, 1546), 49)
((197, 1368), 81)
((13295, 14648), 24)
((1210, 1473), 28)
((6229, 6230), 37)
((6399, 6400), 33)
((924, 1013), 28)
((7502, 12487), 22)
((6744, 7474), 25)
((6451, 6452), 73)
((12678, 12679), 27)
((2824, 14917), 29)
((1210, 1526), 22)
((427, 1386), 21)
((197, 1386), 34)
((1471, 1604), 44)
((1574, 7457), 28)
((739, 1117), 23)
((1473, 14794), 33)
((1386, 7510), 21)
((255, 8001), 29)
((536, 6206), 21)
((6206, 7464), 21)
((941, 1116), 24)
((197, 1430), 29)
((964, 1574), 36)
((8001, 13350), 27)
((126, 12962), 64)
((536, 7173), 28)
((545, 1203), 25)
((536, 5463), 21)
((6451, 6699), 35)
((1283, 1312), 26)
((858, 1123), 26)
((1473, 6452), 60)
((7466, 7467), 24)
((1604, 7510), 26)
((3639, 3640), 28)
((737, 1013), 72)
((524, 996), 24)
((1211, 1526), 33)
((1471, 12851), 28)
((1567, 1568), 22)
((1572, 6452), 22)
((1386, 4767), 25)
((427, 1473), 22)
((5466, 5467), 40)
((536, 944), 24)
((6917, 7051), 35)
((4986, 4988), 28)
((1004, 8001), 21)
((8001, 12851), 26)
((1011, 1386), 26)
((1387, 8001), 31)
((924, 1007), 21)
((1594, 7998), 23)
((1218, 1402), 29)
((1312, 1563), 21)
((968, 1387), 24)
((6917, 7048), 32)
((536, 1387), 319)
((1473, 1714), 33)
((1013, 1233), 22)
((1386, 7517), 34)
((80, 1473), 61)
((858, 1526), 32)
((1233, 1283), 26)
((1313, 1347), 26)
((3974, 7502), 36)
((968, 1386), 26)
((13295, 22567), 31)
((1370, 1605), 30)
((7200, 8000), 21)
((6801, 6803), 25)
((2512, 2787), 24)
((1526, 6410), 30)
((1211, 1604), 22)
((5149, 5436), 23)
((2327, 3974), 22)
((613, 943), 83)
((1525, 1604), 33)
((1011, 1117), 30)
((1526, 7212), 25)
((1368, 14648), 29)
((536, 1218), 33)
((1188, 13295), 25)
((1605, 7998), 31)
((5436, 12679), 39)
((7043, 7502), 22)
((1473, 1539), 21)
((1079, 1473), 29)
((6683, 7476), 28)
((1572, 7968), 24)
((1524, 1525), 54)
((6085, 12177), 26)
((3974, 4988), 29)
((1473, 12494), 22)
((609, 1387), 21)
((1594, 18738), 24)
((1605, 7491), 23)
((1473, 18288), 22)
((1504, 1673), 37)
((6699, 6700), 60)
((1473, 18696), 25)
((1004, 1070), 21)
((786, 1218), 26)
((1525, 12710), 99)
((1402, 1473), 114)
((1473, 1525), 37)
((772, 996), 23)
((858, 1605), 28)
((1002, 1012), 31)
((66, 1211), 24)
((297, 1471), 24)
((12092, 12177), 22)
((1590, 18738), 26)
((1370, 12851), 32)
((1604, 7222), 27)
((6410, 12698), 29)
((3639, 3652), 21)
((1007, 8058), 22)
((307, 8001), 22)
((995, 7503), 21)
((1283, 1611), 21)
((461, 536), 26)
((197, 1603), 26)
((1086, 1471), 24)
((1402, 1526), 27)
((5239, 7517), 23)
((536, 7071), 21)
((1594, 5239), 32)
((1000, 1602), 26)
((1504, 5239), 23)
((1473, 7499), 27)
((443, 1473), 25)
((1611, 7048), 56)
((19430, 19484), 24)
((996, 1387), 30)
((939, 941), 89)
((6451, 12042), 24)
((1368, 1430), 25)
((1211, 1386), 43)
((1007, 15473), 22)
((2057, 2824), 23)
((7464, 8000), 22)
((6399, 6401), 27)
((1003, 1013), 22)
((943, 1007), 25)
((1233, 6452), 23)
((1116, 1402), 21)
((16247, 19996), 27)
((1605, 5239), 44)
((1473, 5436), 60)
((1473, 1571), 27)
((197, 7173), 25)
((255, 1526), 21)
((964, 1568), 27)
((786, 939), 22)
((7047, 7051), 37)
((197, 1546), 54)
((7476, 7503), 23)
((1473, 6989), 38)
((1605, 7049), 28)
((1471, 1605), 53)
((5436, 6420), 28)
((12744, 12851), 21)
((66, 19298), 21)
((1211, 4477), 31)
((5435, 6452), 25)
((1010, 1402), 30)
((1525, 1526), 189)
((6989, 7049), 38)
((7048, 7049), 62)
((524, 1007), 39)
((1387, 1574), 33)
((938, 941), 92)
((1450, 1473), 31)
((941, 1572), 21)
((5436, 7166), 32)
((1611, 7010), 27)
((5294, 6410), 37)
((1402, 1408), 48)
((536, 1211), 62)
((862, 1473), 43)
((1594, 7476), 30)
((446, 1386), 33)
((6446, 6700), 24)
((51, 1000), 26)
((1572, 7212), 23)
((1000, 1009), 23)
((1473, 13350), 32)
((1386, 6361), 27)
((1283, 1366), 22)
((255, 307), 22)
((1233, 1574), 22)
((1604, 7493), 25)
((197, 1608), 22)
((197, 410), 26)
((332, 446), 26)
((5436, 6418), 30)
((1602, 5239), 30)
((5436, 6380), 21)
((1471, 2127), 26)
((1203, 1226), 21)
((8000, 8001), 67)
((1313, 13350), 27)
((1526, 1611), 44)
((7047, 7049), 28)
((1387, 1627), 26)
((1117, 1203), 33)
((197, 858), 24)
((4767, 7476), 22)
((1313, 1526), 30)
((1473, 6744), 21)
((1386, 1555), 24)
((197, 13541), 34)
((1117, 1226), 31)
((1471, 1572), 27)
((1537, 8001), 28)
((6700, 12679), 22)
((1572, 1592), 26)
((1386, 7000), 24)
((5465, 7008), 37)
((6085, 12681), 26)
((446, 12744), 25)
((1000, 1611), 32)
((2327, 5294), 28)
((5437, 6451), 23)
((786, 821), 30)
((995, 13353), 21)
((1402, 1572), 40)
((1473, 7161), 21)
((1283, 1605), 26)
((1070, 1473), 21)
((999, 1402), 31)
((3974, 6699), 23)
((5436, 6699), 34)
((6418, 6420), 22)
((1524, 1526), 57)
((964, 1567), 24)
((8001, 13366), 45)
((862, 1000), 25)
((7474, 7490), 31)
((6836, 7047), 31)
((1002, 1402), 28)
((1210, 1471), 22)
((1012, 1473), 37)
((5235, 5239), 53)
((8000, 10298), 35)
((536, 995), 42)
((941, 1117), 24)
((1226, 4477), 27)
((6481, 6915), 22)
((325, 545), 26)
((446, 995), 40)
((7491, 8000), 26)
((7469, 8001), 27)
((739, 1013), 23)
((410, 536), 26)
((1572, 1594), 24)
((1473, 7955), 21)
((1526, 7469), 22)
((536, 7476), 29)
((23819, 70626), 35)
((197, 1366), 31)
((536, 8000), 22)
((536, 1563), 21)
((1473, 7051), 33)
((5436, 12685), 31)
((1786, 5235), 36)
((1386, 1605), 74)
((4477, 7008), 27)
((1590, 1603), 27)
((6415, 6452), 24)
((5436, 6419), 25)
((995, 1370), 29)
((1473, 6805), 30)
((8000, 10297), 22)
((6421, 6969), 36)
((1786, 5236), 34)
((1000, 7476), 22)
((1007, 1526), 31)
((1611, 7469), 28)
((1000, 8450), 29)
((786, 943), 31)
((6410, 7502), 28)
((1526, 1594), 23)
((1391, 1471), 23)
((7510, 7518), 26)
((524, 536), 64)
((862, 1013), 29)
((6228, 6229), 39)
((1007, 7503), 24)
((1473, 5422), 29)
((5422, 19503), 21)
((536, 7000), 27)
((996, 1386), 35)
((1574, 1602), 26)
((430, 6361), 50)
((862, 1012), 21)
((1368, 1494), 22)
((461, 858), 25)
((858, 862), 40)
((1473, 5437), 30)
((1211, 1387), 46)
((536, 1616), 21)
((13563, 13567), 36)
((7517, 18288), 29)
((1211, 1602), 29)
((7517, 23476), 22)
((4988, 6452), 24)
((446, 1283), 23)
((613, 1233), 23)
((1000, 7457), 21)
((1508, 1511), 27)
((1402, 1471), 74)
((1611, 7517), 32)
((613, 941), 79)
((1000, 7341), 28)
((1471, 1611), 22)
((7968, 13350), 22)
((1117, 1526), 38)
((995, 7491), 26)
((924, 1368), 21)
((1116, 1473), 26)
((6227, 6230), 30)
((1233, 8001), 41)
((1370, 1604), 30)
((1000, 7008), 35)
((1226, 1386), 25)
((5294, 5437), 29)
((545, 1000), 24)
((1233, 1611), 38)
((1526, 7050), 24)
((1000, 1218), 29)
((1211, 1313), 22)
((6451, 12444), 22)
((1604, 7051), 22)
((325, 536), 33)
((1402, 8058), 23)
((1117, 1604), 23)
((23360, 23934), 24)
((924, 1473), 46)
((821, 1203), 23)
((6360, 6361), 46)
((1387, 1628), 35)
((197, 1313), 77)
((1203, 1386), 27)
((999, 1526), 21)
((5435, 5436), 56)
((197, 7998), 27)
((943, 968), 117)
((1504, 5422), 23)
((786, 1574), 22)
((1366, 1368), 22)
((1546, 12851), 24)
((1368, 8001), 26)
((301, 536), 24)
((1471, 1494), 23)
((197, 1555), 26)
((6446, 6699), 31)
((7050, 7476), 21)
((786, 1000), 30)
((6399, 6402), 23)
((737, 924), 28)
((6229, 6914), 37)
((255, 1402), 22)
((1604, 7048), 26)
((6836, 7051), 33)
((1603, 7476), 33)
((1233, 7491), 32)
((461, 821), 35)
((1386, 1387), 300)
((1611, 6836), 27)
((536, 7998), 29)
((1211, 1402), 38)
((325, 1473), 36)
((66, 943), 29)
((939, 1117), 22)
((5238, 7469), 22)
((1473, 14841), 22)
((255, 1312), 22)
((6699, 12177), 23)
((536, 12710), 23)
((1312, 13552), 21)
((1312, 1508), 22)
((1473, 1594), 83)
((1013, 1116), 21)
((1000, 1203), 45)
((5465, 5466), 29)
((446, 1572), 24)
((1387, 1572), 36)
((197, 1605), 42)
((1546, 1601), 22)
((1473, 13366), 36)
((6084, 7502), 34)
((7490, 7503), 23)
((6914, 6915), 25)
((1605, 6805), 21)
((80, 8001), 22)
((6836, 7048), 21)
((5436, 11078), 21)
((5148, 5149), 23)
((737, 1211), 28)
((5979, 6461), 22)
((6418, 6419), 24)
((5294, 7502), 27)
((1271, 13350), 25)
((1007, 1070), 21)
((941, 1233), 26)
((1116, 1628), 25)
((1604, 21809), 34)
((23950, 70626), 30)
((2403, 5422), 41)
((999, 1313), 22)
((1402, 1574), 42)
((1786, 5239), 37)
((1605, 7047), 22)
((5436, 12572), 22)
((1402, 14804), 24)
((5436, 8080), 30)
((1117, 1386), 71)
((1602, 1614), 23)
((1611, 7008), 31)
((23819, 23950), 26)
((1007, 1473), 53)
((6802, 6803), 48)
((7071, 7503), 21)
((1473, 7212), 72)
((1000, 7503), 30)
((1408, 7173), 29)
((1473, 1543), 26)
((197, 5239), 28)
((1283, 7476), 21)
((5436, 6083), 26)
((1590, 1594), 75)
((3974, 12681), 24)
((1523, 1526), 22)
((197, 1602), 45)
((197, 12851), 46)
((1590, 1604), 33)
((197, 14795), 22)
((1473, 6360), 22)
((1368, 1605), 22)
((1473, 7048), 39)
((1604, 7491), 39)
((1473, 8126), 24)
((1473, 7972), 23)
((536, 1004), 31)
((197, 1273), 21)
((1450, 1471), 54)
((536, 5238), 22)
((536, 5239), 36)
((1473, 7510), 35)
((7057, 7464), 58)
((1011, 7220), 23)
((1604, 1614), 26)
((1504, 2513), 24)
((1002, 1007), 23)
((858, 1602), 22)
((1117, 4477), 83)
((1211, 1218), 26)
((1012, 1123), 25)
((7460, 7490), 21)
((1402, 7491), 26)
((1473, 6917), 36)
((5436, 12444), 26)
((1526, 1602), 34)
((536, 1572), 42)
((8001, 18696), 21)
((6446, 12177), 30)
((5422, 7057), 29)
((1473, 18294), 21)
((1473, 6410), 48)
((536, 1627), 26)
((1242, 1471), 26)
((1473, 14850), 22)
((1555, 13567), 40)
((1368, 12851), 38)
((1226, 1387), 28)
((1313, 14677), 23)
((1313, 7968), 25)
((999, 1370), 22)
((536, 13228), 33)
((941, 943), 101)
((1347, 13295), 30)
((536, 938), 29)
((1526, 12698), 41)
((1604, 7212), 36)
((23934, 24837), 21)
((1387, 6452), 22)
((1387, 1526), 63)
((1012, 1112), 21)
((1604, 4768), 22)
((1537, 1572), 21)
((5436, 6088), 42)
((943, 1604), 32)
((66, 536), 61)
((536, 1526), 92)
((613, 968), 72)
((5235, 5422), 25)
((6415, 6700), 25)
((996, 13295), 25)
((1313, 1574), 23)
((1473, 19996), 22)
((6802, 6805), 48)
((536, 1000), 110)
((3974, 6008), 28)
((197, 8801), 32)
((2403, 2787), 51)
((1007, 1602), 27)
((6008, 7502), 28)
((6085, 6088), 30)
((943, 1611), 30)
((536, 8042), 22)
((5436, 6085), 67)
((1013, 7351), 21)
((5236, 8000), 30)
((1604, 7049), 32)
((2513, 7464), 33)
((1347, 1473), 41)
((197, 1614), 22)
((197, 536), 48)
((1368, 1402), 49)
((1387, 5463), 21)
((1526, 6700), 38)
((4988, 5436), 33)
((995, 1368), 22)
((1471, 5239), 21)
((6008, 6451), 29)
((1004, 1473), 46)
((197, 1450), 44)
((7473, 8101), 38)
((1473, 13541), 25)
((995, 1313), 33)
((1473, 7050), 35)
((737, 7173), 32)
((1471, 7236), 23)
((995, 1604), 37)
((737, 1210), 28)
((1387, 13295), 23)
((7057, 7476), 28)
((5236, 5422), 22)
((536, 1614), 23)
((536, 7221), 22)
((197, 14648), 28)
((1473, 7166), 27)
((1430, 1473), 24)
((6230, 7010), 47)
((536, 8058), 24)
((1386, 7491), 26)
((1473, 7049), 37)
((1526, 7517), 24)
((1004, 1313), 25)
((66, 1117), 129)
((12858, 17807), 22)
((1594, 7491), 22)
((536, 1611), 56)
((1611, 7464), 21)
((446, 22567), 28)
((1526, 4477), 36)
((7050, 7503), 21)
((1473, 1494), 27)
((4477, 7457), 25)
((1313, 13295), 24)
((1000, 1212), 31)
((1473, 7057), 29)
((1571, 5422), 25)
((1312, 8001), 23)
((536, 1621), 32)
((6700, 12042), 27)
((1011, 1226), 26)
((1313, 1597), 33)
((5287, 7502), 25)
((995, 1603), 23)
((6451, 12110), 21)
((1117, 19905), 23)
((1117, 7503), 23)
((7047, 7048), 35)
((6227, 6228), 34)
((1218, 1473), 35)
((1347, 1605), 22)
((6228, 6914), 31)
((786, 1572), 23)
((1347, 7221), 31)
((6801, 6802), 41)
((613, 1007), 26)
((1448, 1471), 21)
((1386, 8001), 29)
((301, 13295), 23)
((1370, 3639), 25)
((938, 1386), 27)
((1604, 7457), 24)
((1233, 7212), 24)
((536, 1116), 61)
((1007, 4477), 35)
((1604, 7518), 21)
((524, 1117), 31)
((996, 1574), 21)
((1591, 1594), 88)
((1572, 13295), 26)
((1473, 7492), 43)
((14917, 23815), 33)
((297, 13295), 24)
((1525, 6452), 34)
((3974, 6414), 21)
((1473, 6361), 22)
((821, 1386), 24)
((5436, 6084), 47)
((6452, 6805), 30)
((417, 536), 29)
((1473, 7208), 23)
((1402, 8000), 23)
((446, 999), 21)
((924, 1471), 22)
((1366, 12851), 22)
((13353, 14960), 21)
((255, 1601), 22)
((1386, 7998), 25)
((255, 14794), 24)
((536, 1117), 87)
((1611, 4477), 43)
((1473, 9853), 23)
((1004, 1602), 31)
((1013, 1473), 30)
((2513, 5239), 31)
((197, 1211), 25)
((536, 772), 39)
((1450, 1597), 23)
((1011, 1526), 21)
((1572, 7503), 21)
((821, 924), 28)
((1386, 8000), 24)
((821, 858), 32)
((1000, 19298), 32)
((6452, 6616), 21)
((301, 1402), 22)
((1605, 4477), 39)
((5436, 12177), 32)
((3602, 3603), 25)
((1313, 1714), 24)
((536, 545), 28)
((2327, 6451), 24)
((5235, 5238), 43)
((197, 16524), 27)
((1473, 1526), 105)
((995, 8001), 33)
((999, 1602), 23)
((941, 944), 75)
((1402, 1597), 23)
((1471, 1608), 22)
((1603, 5239), 26)
((5435, 6410), 27)
((138, 446), 26)
((999, 1013), 21)
((1604, 7469), 33)
((1590, 1591), 78)
((197, 12744), 32)
((1611, 6969), 31)
((1313, 1368), 35)
((786, 1013), 33)
((2787, 5422), 44)
((1786, 5238), 29)
((737, 1471), 26)
((5017, 12177), 22)
((255, 1370), 34)
((23172, 23934), 28)
((7518, 12867), 22)
((3974, 12042), 22)
((1473, 6461), 25)
((536, 1471), 67)
((1386, 7503), 42)
((1604, 7503), 103)
((1386, 5239), 33)
((1471, 1621), 28)
((3639, 7785), 32)
((446, 1471), 35)
((999, 1386), 23)
((536, 999), 34)
((6452, 7476), 27)
((6085, 6452), 42)
((938, 968), 83)
((197, 4767), 21)
((6400, 6401), 32)
((1386, 7476), 28)
((1188, 1370), 25)
((6227, 6914), 33)
((5286, 5436), 26)
((1313, 1601), 25)
((23934, 23950), 31)
((1473, 7221), 45)
((5235, 23738), 22)
((446, 5239), 23)
((1004, 1386), 29)
((613, 786), 35)
((7502, 12042), 28)
((1563, 1714), 62)
((858, 1387), 31)
((8001, 8612), 36)
((772, 1402), 22)
((197, 1387), 28)
((1387, 1408), 27)
((5422, 7464), 43)
((6857, 6974), 30)
((12490, 12588), 27)
((1233, 1402), 44)
((255, 1473), 56)
((999, 13295), 25)
((536, 7469), 21)
((1386, 1574), 46)
((786, 8001), 24)
((1000, 4477), 72)
((325, 1605), 25)
((1473, 6700), 22)
((943, 1572), 26)
((4477, 6452), 22)
((7467, 7476), 27)
((1117, 7341), 23)
((1611, 7475), 25)
((862, 1526), 23)
((51, 536), 26)
((1471, 7198), 23)
((999, 1471), 22)
((6227, 6229), 29)
((4988, 7502), 21)
((1602, 8000), 22)
((1402, 1591), 22)
((1313, 13366), 28)
((5436, 12110), 50)
((1233, 8000), 28)
((1387, 7503), 44)
((1473, 1602), 55)
((1473, 2787), 24)
((7220, 14850), 22)
((2787, 5239), 21)
((1473, 4767), 61)
((197, 1283), 42)
((410, 1007), 32)
((995, 1605), 40)
((2513, 19484), 21)
((1473, 7047), 40)
((12590, 12591), 21)
((1526, 1555), 27)
((786, 1002), 26)
((1611, 8001), 34)
((1013, 1200), 21)
((1603, 7047), 21)
((1473, 6477), 27)
((1233, 1572), 57)
((737, 1226), 26)
((1611, 5239), 37)
((1473, 7010), 29)
((7476, 18606), 38)
((943, 1386), 43)
((737, 1000), 33)
((1002, 4477), 23)
((943, 1387), 49)
((5436, 11486), 22)
((2512, 2513), 59)
((536, 1011), 42)
((1611, 5236), 23)
((5239, 18647), 23)
((19519, 37351), 21)
((1571, 6969), 24)
((7502, 12591), 25)
((1313, 1473), 95)
((737, 1387), 25)
((1200, 1226), 25)
((1211, 1574), 28)
((968, 1117), 21)
((1611, 7490), 30)
((6410, 6451), 29)
((1011, 1402), 31)
((7491, 8001), 36)
((995, 1602), 52)
((536, 6361), 30)
((536, 7492), 25)
((1313, 1366), 29)
((6700, 7502), 27)
((1370, 1614), 25)
((1002, 1473), 21)
((3974, 12679), 21)
((5437, 6452), 35)
((536, 996), 52)
((1408, 1494), 23)
((1605, 7051), 28)
((1402, 4477), 38)
((1526, 1605), 56)
((995, 1594), 28)
((1553, 2513), 21)
((524, 1386), 45)
((536, 1574), 60)
((6008, 6084), 27)
((51, 257), 22)
((410, 1471), 33)
((66, 1525), 21)
((1473, 5456), 26)
((995, 1386), 52)
((2403, 2513), 41)
((1313, 1605), 39)
((1471, 1508), 28)
((1402, 13295), 33)
((1000, 1210), 43)
((7200, 8001), 23)
((1473, 13552), 22)
((1368, 1450), 38)
((7491, 7998), 21)
((2513, 5236), 22)
((1605, 7212), 31)
((1000, 7173), 32)
((2512, 7464), 26)
((1591, 1604), 35)
((8001, 14872), 23)
((995, 1211), 26)
((858, 1203), 22)
((1123, 1402), 21)
((1594, 7212), 22)
((126, 17327), 23)
((1471, 13552), 28)
((1000, 1386), 75)
((1313, 7221), 24)
((1000, 1211), 70)
((307, 1473), 31)
((1604, 6802), 22)
((297, 1473), 25)
((5238, 8001), 23)
((1117, 7008), 22)
((197, 7476), 22)
((197, 995), 49)
((197, 943), 21)
((7503, 7517), 29)
((1604, 6836), 25)
((1471, 15448), 25)
((821, 1605), 22)
((858, 924), 22)
((1591, 1603), 31)
((1007, 1386), 51)
((1604, 1605), 177)
((8001, 18647), 26)
((995, 1540), 25)
((1526, 12710), 103)
((1387, 1594), 41)
((1000, 1207), 22)
((1004, 1368), 29)
((1603, 8001), 41)
((613, 1203), 22)
((1526, 7049), 26)
((1283, 1402), 30)
((8000, 13353), 21)
((1007, 1368), 28)
((1210, 7173), 26)
((197, 1511), 34)
((407, 1473), 36)
((1526, 1572), 36)
((786, 941), 24)
((1368, 1473), 44)
((536, 1525), 40)
((1542, 19503), 22)
((1011, 1013), 31)
((536, 1408), 46)
((1386, 7212), 27)
((999, 1473), 36)
((858, 1218), 31)
((1013, 7173), 29)
((7502, 12492), 24)
((1602, 13295), 24)
((5465, 5467), 36)
((3721, 6451), 22)
((786, 1012), 30)
((943, 1233), 30)
((1013, 1210), 37)
((6867, 6868), 28)
((1473, 1592), 52)
((1402, 7503), 26)
((1473, 1603), 86)
((2402, 5422), 44)
((6402, 6407), 23)
((3639, 17480), 24)
((996, 1000), 22)
((1000, 1007), 61)
((6446, 12591), 21)
((197, 7205), 24)
((1555, 13563), 69)
((1117, 7050), 21)
((7473, 8001), 21)
((197, 1000), 30)
((995, 1473), 76)
((1471, 8001), 43)
((999, 7212), 27)
((772, 786), 23)
((1602, 8001), 27)
((1591, 1605), 31)
((1116, 19298), 21)
((325, 1471), 28)
((255, 1543), 22)
((3974, 6085), 29)
((6084, 6085), 56)
((1000, 1233), 24)
((6083, 6084), 30)
((6085, 6451), 27)
((6730, 7492), 22)
((7476, 8000), 35)
((1572, 1603), 35)
((1572, 1604), 48)
((301, 1471), 33)
((1211, 1233), 25)
((5238, 6206), 22)
((524, 1602), 24)
((1577, 1613), 26)
((1605, 13295), 28)
((197, 1526), 36)
((1473, 7170), 22)
((1387, 1402), 55)
((1604, 7517), 40)
((5239, 7469), 34)
((7473, 7490), 21)
((430, 1473), 21)
((5238, 7057), 27)
((1211, 1628), 22)
((8000, 13350), 24)
((1611, 7476), 32)
((5294, 6084), 21)
((1471, 7491), 22)
((1386, 1590), 25)
((1572, 1611), 27)
((1473, 7457), 40)
((1211, 1212), 24)
((1594, 4477), 23)
((786, 1123), 23)
((7476, 7517), 29)
((1283, 7469), 22)
((1473, 23815), 22)
((5413, 6970), 33)
((1526, 3974), 23)
((197, 1621), 22)
((1402, 7517), 22)
((5436, 6718), 23)
((1526, 7473), 23)
((6989, 7047), 25)
((1591, 7008), 23)
((23819, 23934), 26)
((5436, 12591), 31)
((7071, 7476), 22)
((1603, 4477), 24)
((821, 995), 21)
((1605, 6989), 24)
((1402, 1555), 27)
((7469, 18606), 37)
((19996, 21080), 32)
((1473, 1605), 138)
((446, 1402), 25)
((1000, 1628), 29)
((1387, 1471), 52)
((1604, 4477), 36)
((939, 943), 78)
((939, 944), 84)
((1525, 1605), 29)
((8000, 8612), 34)
((1602, 7212), 21)
((1553, 1554), 38)
((197, 1408), 23)
((1387, 7049), 21)
((7166, 10232), 36)
((297, 446), 32)
((1233, 1471), 29)
((6228, 6915), 22)
((999, 1368), 23)
((410, 1004), 21)
((1402, 7008), 34)
((1471, 1563), 64)
((1313, 7212), 39)
((1313, 18647), 28)
((5017, 7502), 23)
((1604, 8101), 28)
((1604, 6989), 30)
((1473, 4477), 53)
((301, 1473), 35)
((6915, 7010), 21)
((446, 8000), 24)
((536, 1002), 28)
((536, 786), 56)
((6414, 12698), 26)
((6410, 6452), 46)
((1402, 1605), 63)
((1473, 7008), 48)
((8001, 10298), 36)
((536, 1012), 39)
((1526, 7476), 32)
((1604, 7061), 25)
((1000, 1004), 27)
((943, 1203), 21)
((197, 1448), 39)
((1200, 1473), 26)
((1611, 6917), 34)
((1013, 1386), 32)
((1007, 7173), 35)
((1604, 7057), 24)
((1473, 7005), 24)
((1233, 1603), 26)
((1574, 8001), 22)
((197, 301), 30)
((5436, 6446), 49)
((6228, 6230), 33)
((1525, 6700), 22)
((1004, 7173), 27)
((1370, 1386), 27)
((536, 998), 21)
((1473, 14960), 46)
((1554, 1571), 41)
((1473, 1597), 45)
((6206, 7476), 21)
((7467, 7469), 32)
((862, 924), 29)
((1678, 5436), 28)
((995, 1387), 34)
((1233, 7503), 27)
((1013, 1211), 46)
((5412, 6970), 46)
((772, 1473), 26)
((613, 938), 80)
((1313, 1370), 31)
((138, 1958), 26)
((255, 1546), 22)
((1473, 18647), 31)
((1000, 1117), 161)
((197, 1004), 44)
((6452, 6699), 22)
((1571, 2513), 25)
((5436, 11658), 21)
((1402, 1604), 52)
((1605, 7457), 33)
((1386, 13295), 36)
((1013, 1218), 26)
((613, 7212), 33)
((1471, 12940), 24)
((1233, 1526), 48)
((939, 1386), 23)
((7049, 7476), 21)
((1473, 7968), 25)
((66, 1013), 21)
((1450, 14794), 23)
((1450, 1601), 22)
((1473, 12110), 33)
((536, 1402), 75)
((6452, 8080), 31)
((995, 1283), 27)
((66, 613), 35)
((1526, 8001), 28)
((924, 1605), 25)
((858, 4477), 25)
((197, 13552), 33)
((307, 1471), 32)
((1594, 7490), 23)
((6801, 6805), 21)
((1402, 1543), 24)
((1605, 14872), 24)
((1577, 1614), 27)
((876, 7457), 24)
((536, 6452), 23)
((1402, 1594), 34)
((996, 1471), 26)
((1504, 7212), 22)
((255, 1597), 29)
((1370, 1450), 25)
((5436, 12698), 35)
((1368, 1508), 49)
((924, 1211), 26)
((1386, 14960), 24)
((1011, 1473), 30)
((407, 1471), 33)
((1473, 1537), 34)
((1605, 7517), 33)
((941, 1473), 34)
((1387, 7491), 29)
((5239, 7476), 47)
((1368, 1471), 44)
((197, 1508), 50)
((1117, 1611), 32)
((1408, 1602), 21)
((7197, 13295), 21)
((1067, 1473), 35)
((1386, 1408), 27)
((5239, 6969), 29)
((1473, 12851), 27)
((7057, 8001), 23)
((5294, 6085), 25)
((430, 6360), 35)
((8612, 13366), 22)
((536, 8126), 23)
((786, 1007), 32)
((1402, 14794), 29)
((80, 255), 21)
((5436, 8001), 21)
((6230, 6914), 29)
((6410, 6700), 21)
((996, 1402), 32)
((1603, 8000), 22)
((427, 536), 24)
((8001, 14871), 21)
((1677, 1678), 27)
((1313, 1546), 31)
((1000, 1526), 57)
((7502, 12681), 30)
((1000, 1525), 30)
((598, 1602), 22)
((1386, 1525), 40)
((1402, 1601), 21)
((1116, 1387), 42)
((7506, 7510), 40)
((786, 839), 22)
((1471, 1473), 97)
((536, 8001), 31)
((1007, 14648), 23)
((1387, 1525), 34)
((1402, 14799), 27)
((1012, 1203), 23)
((3721, 6446), 25)
((6085, 6446), 22)
((1007, 1471), 46)
((1574, 5239), 22)
((446, 8001), 24)
((536, 941), 39)
((1473, 1601), 29)
((1603, 7212), 26)
((7476, 7490), 31)
((1283, 8000), 40)
((1678, 9853), 21)
((126, 536), 26)
((6699, 12698), 24)
((12177, 12490), 25)
((1555, 13295), 21)
((1402, 1590), 21)
((1572, 13366), 22)
((1450, 1602), 24)
((924, 1386), 21)
((12953, 12966), 30)
((944, 1000), 31)
((9853, 12110), 34)
((1007, 1605), 26)
((1473, 7473), 41)
((1604, 7473), 36)
((5235, 8000), 22)
((8000, 13295), 27)
((4988, 12177), 22)
((1473, 21809), 29)
((1611, 7051), 47)
((739, 1203), 50)
((536, 1013), 45)
((1313, 1596), 23)
((1386, 7499), 21)
((7071, 8000), 21)
((1572, 1602), 26)
((23360, 23950), 30)
((5436, 6451), 59)
((7212, 8000), 26)
((1605, 7050), 33)
((1011, 7173), 23)
((1471, 1526), 56)
((1387, 7212), 23)
((6085, 6410), 27)
((6451, 12258), 22)
((924, 1226), 22)
((1313, 8612), 23)
((1473, 7460), 37)
((6216, 6969), 22)
((536, 1233), 54)
((19521, 21080), 24)
((1402, 1603), 36)
((536, 7491), 33)
((1007, 1218), 23)
((6414, 6699), 21)
((6008, 6085), 27)
((6700, 12681), 27)
((1004, 1450), 23)
((1391, 1473), 22)
((1543, 7212), 21)
((5239, 7071), 24)
((1313, 1594), 24)
((1313, 1604), 29)
((1471, 1513), 37)
((1473, 8612), 29)
((1000, 1012), 34)
((1594, 7047), 21)
((1000, 1572), 25)
((1000, 1002), 30)
((2403, 2512), 27)
((1605, 5436), 24)
((66, 1007), 25)
((6446, 6452), 27)
((1408, 4477), 27)
((6410, 8080), 33)
((6446, 6451), 41)
((5239, 8000), 41)
((1313, 7469), 22)
((7457, 13295), 26)
((1572, 7049), 21)
((1368, 1602), 25)
((5239, 6206), 34)
((7148, 13295), 24)
((7043, 12685), 46)
((197, 1013), 25)
((1604, 5239), 48)
((5463, 5466), 26)
((4477, 6970), 24)
((1283, 1572), 31)
((197, 1574), 23)
((968, 7212), 24)
((536, 7517), 44)
((1603, 7050), 29)
((1473, 2805), 23)
((1117, 1211), 40)
((1283, 10298), 21)
((1611, 5436), 28)
((5467, 7008), 54)
((1007, 1210), 38)
((5239, 7490), 23)
((536, 943), 66)
((1010, 1226), 22)
((1313, 5239), 28)
((536, 7212), 32)
((1370, 8001), 32)
((6379, 6700), 26)
((6410, 6420), 21)
((7222, 7473), 39)
((1000, 1116), 181)
((536, 1007), 82)
((536, 10298), 21)
((410, 1368), 25)
((1572, 4477), 22)
((999, 1605), 22)
((255, 13541), 24)
((6452, 8001), 21)
((786, 1473), 54)
((1313, 1602), 23)
((5436, 6452), 83)
((1605, 1611), 61)
((1116, 1203), 21)
((1370, 1572), 21)
((4768, 7476), 21)
((1526, 1574), 22)
((1611, 5238), 28)
((939, 968), 72)
((6803, 6805), 54)
((786, 1011), 24)
((1368, 13295), 36)
((995, 1526), 29)
((1013, 1387), 37)
((1233, 13295), 21)
((11486, 12204), 22)
((6395, 6396), 24)
((536, 7503), 59)
((197, 1471), 85)
((1526, 7518), 25)
((995, 999), 24)
((1386, 1473), 110)
((6205, 6206), 28)
((1430, 1471), 24)
((197, 999), 33)
((943, 4477), 27)
((410, 1473), 42)
((862, 1203), 21)
((737, 1386), 26)
((821, 862), 37)
((1568, 1574), 29)
((943, 1402), 21)
((255, 1313), 25)
((786, 7212), 24)
((7222, 7476), 24)
((1450, 1508), 25)
((786, 1233), 25)
((6451, 12698), 22)
((6914, 7010), 25)
((6398, 6399), 34)
((943, 7008), 27)
((995, 1000), 23)
((737, 14794), 23)
((7057, 8000), 22)
((1605, 13366), 21)
((410, 786), 23)
((2327, 6410), 23)
((1387, 7173), 21)
((1473, 14872), 50)
((1000, 12710), 22)
((1604, 6805), 27)
((1563, 1605), 21)
((5436, 5712), 25)
((536, 1594), 44)
((1011, 1116), 21)
((1473, 5236), 33)
((2402, 2787), 34)
((1231, 1471), 21)
((1594, 1605), 53)
((1473, 14648), 49)
((446, 1473), 51)
((1312, 1471), 39)
((924, 1387), 27)
((858, 1211), 21)
((1526, 1621), 26)
((2327, 7166), 21)
((858, 996), 25)
((1313, 1603), 31)
((1605, 7221), 28)
((446, 1313), 28)
((1283, 14671), 23)
((536, 1590), 23)
((8000, 14960), 22)
((536, 1628), 35)
((1370, 7212), 21)
((407, 6959), 23)
((1387, 1473), 85)
((1000, 6970), 28)
((7057, 7490), 22)
((536, 1591), 23)
((1605, 7222), 25)
((66, 1000), 141)
((66, 1011), 21)
((197, 786), 25)
((1010, 1473), 23)
((1116, 1226), 22)
((1312, 1473), 40)
((1386, 1526), 72)
((6451, 12177), 38)
((1473, 1546), 32)
((6419, 6452), 27)
((1313, 4768), 22)
((427, 996), 58)
((1000, 1226), 42)
((255, 1602), 25)
((858, 1604), 24)
((1473, 1508), 29)
((999, 1555), 25)
((1678, 7166), 31)
((1117, 1605), 21)
((6481, 6482), 25)
((197, 1226), 21)
((1283, 13350), 24)
((255, 12851), 31)
((8000, 18647), 33)
((197, 996), 24)
((410, 1602), 23)
((1611, 6452), 24)
((1004, 1387), 23)
((1572, 8000), 32)
((1212, 1226), 22)
((943, 1211), 25)
((1473, 18650), 21)
((6482, 6915), 30)
((12962, 17327), 21)
((1605, 7460), 24)
((737, 1233), 24)
((1368, 14794), 24)
((1473, 14871), 42)
((1526, 6452), 52)
((7212, 7998), 21)
((197, 7219), 21)
((7502, 12679), 24)
((1011, 1211), 30)
((7517, 8101), 21)
((737, 1007), 31)
((1473, 8042), 23)
((1011, 1200), 26)
((1605, 1621), 22)
((1283, 13366), 30)
((197, 8600), 28)
((197, 1242), 22)
((1011, 1210), 21)
((858, 943), 25)
((1211, 1226), 37)
((1473, 7506), 23)
((1387, 6989), 21)
((1473, 1611), 83)
((536, 1473), 118)
((1604, 1611), 65)
((5422, 8001), 21)
((1386, 1594), 50)
((1387, 1602), 26)
((427, 6361), 38)
((1473, 14804), 23)
((1473, 7173), 35)
((307, 1597), 21)
((943, 8001), 26)
((536, 939), 22)
((6401, 6402), 28)
((1471, 18744), 26)
((1611, 7049), 90)
((1007, 1211), 56)
((255, 1320), 21)
((1473, 6085), 21)
((1004, 13552), 22)
((6084, 6451), 29)
((1604, 4767), 39)
((6989, 7050), 28)
((1283, 10297), 27)
((7505, 7506), 25)
((1473, 7517), 51)
((7469, 7517), 23)
((613, 1605), 23)
((5436, 10232), 26)
((1370, 1402), 31)
((197, 7198), 22)
((995, 1574), 24)
((943, 1012), 25)
((7047, 7050), 21)
((943, 1013), 23)
((1000, 1574), 36)
((407, 1526), 23)
((1473, 5238), 41)
((1605, 7048), 26)
((427, 430), 43)
((1604, 7476), 46)
((1571, 7464), 23)
((7166, 9853), 27)
((968, 1526), 21)
((1473, 14831), 28)
((1370, 14960), 21)
((5287, 5436), 43)
((1117, 1387), 61)
((446, 13295), 67)
((1402, 1611), 34)
((536, 13295), 37)
((5238, 5239), 120)
((996, 1473), 36)
((1386, 1572), 39)
((6452, 7492), 22)
((924, 1203), 33)
((536, 7050), 30)
((995, 1571), 23)
((9853, 10232), 27)
((1007, 1226), 40)
((1590, 1605), 24)
((4768, 7469), 21)
((858, 1000), 32)
((5645, 7000), 26)
((939, 1473), 22)
((1605, 6206), 21)
((858, 1386), 29)
((1473, 7973), 22)
((1473, 3974), 22)
((858, 1117), 22)
((6410, 12042), 23)
((1313, 8001), 48)
((1366, 1473), 24)
((5436, 6700), 49)
((772, 821), 30)
((6446, 12588), 21)
((1117, 1212), 25)
((1000, 1408), 35)
((1387, 4477), 48)
((939, 1000), 29)
((1212, 4477), 22)
((2327, 5436), 35)
((786, 1471), 36)
((1116, 1386), 51)
((1473, 7518), 24)
((1448, 1473), 24)
((1012, 1604), 21)
((1604, 7000), 21)
((786, 862), 32)
((995, 1611), 41)
((941, 7212), 27)
((7050, 7051), 43)
((1218, 1387), 26)
((1450, 1496), 21)
((1004, 1211), 21)
((536, 609), 31)
((1000, 1471), 31)
((1611, 7492), 23)
((1242, 1312), 21)
((1313, 1508), 25)
((12177, 12444), 21)
((1594, 7222), 24)
((1402, 7000), 23)
((150, 1473), 30)
((1005, 1471), 22)
((1473, 7000), 22)
((1312, 1597), 22)
((6414, 6452), 29)
((924, 1218), 22)
((5239, 19431), 22)
((6414, 6415), 52)
((1603, 1605), 103)
((536, 968), 38)
((1283, 5239), 31)
((1117, 1210), 22)
((1386, 6989), 21)
((1003, 1203), 21)
((1604, 6206), 25)
((1604, 7071), 28)
((1116, 4477), 45)
((5436, 9853), 32)
((1000, 13228), 22)
((307, 1368), 21)
((786, 1210), 29)
((536, 12894), 26)
((1347, 8001), 22)
((6917, 7047), 29)
((1386, 1471), 48)
((2402, 2403), 42)
((1611, 7491), 21)
((524, 1402), 35)
((1604, 7050), 38)
((5285, 5287), 27)
((2513, 5238), 22)
((536, 7499), 34)
((1958, 1959), 29)
((197, 1007), 30)
((536, 1588), 27)
((1611, 10298), 29)
((1013, 1203), 38)
((5436, 6802), 23)
((6084, 12177), 24)
((3974, 12177), 21)
((1471, 1714), 68)
((197, 8126), 25)
((8000, 14576), 24)
((524, 1605), 22)
((1572, 14871), 26)
((1370, 1621), 23)
((1526, 7492), 23)
((1594, 1603), 42)
((536, 1200), 30)
((996, 6360), 25)
((1465, 1471), 24)
((1402, 7998), 23)
((3639, 15116), 28)
((410, 1386), 23)
((1604, 18647), 21)
((6452, 12042), 29)
((1594, 1611), 37)
((2403, 7057), 25)
((7968, 8001), 30)
((12698, 12710), 21)
((1007, 1555), 21)
((12953, 12956), 21)
((1526, 7491), 23)
((1012, 1386), 26)
((6088, 6446), 22)
((7237, 7491), 22)
((197, 370), 26)
((6856, 6857), 24)
((5238, 5422), 23)
((5285, 5286), 28)
((1605, 7476), 40)
((1621, 7212), 27)
((197, 8000), 30)
((1000, 1402), 42)
((1370, 1387), 22)
((5463, 7008), 32)
((7968, 8000), 23)
((6084, 6088), 21)
((791, 1370), 22)
((255, 1563), 21)
((943, 995), 24)
((1473, 1496), 21)
((197, 1347), 38)
((1525, 1611), 24)
((1473, 6206), 40)
((6452, 7502), 36)
((609, 1402), 27)
((12042, 12177), 22)
((197, 8001), 54)
((4767, 4768), 50)
((858, 1233), 35)
((10296, 10297), 27)
((613, 944), 95)
((1313, 1386), 24)
((1011, 1387), 30)
((1473, 7469), 52)
((1594, 5238), 26)
((1604, 5238), 35)
((5463, 5465), 26)
((772, 1000), 23)
((862, 1572), 22)
((6477, 7071), 40)
((1013, 1226), 27)
((1079, 1402), 22)
((1283, 14960), 24)
((1508, 14566), 25)
((1007, 1387), 63)
((1387, 7510), 21)
((1594, 7048), 23)
((536, 7051), 22)
((995, 1471), 33)
((995, 5239), 39)
((1387, 1611), 46)
((1611, 7047), 41)
((7049, 7051), 48)
((7502, 12177), 31)
((6083, 6085), 27)
((858, 1572), 27)
((1473, 1574), 58)
((536, 613), 49)
((5422, 8000), 25)
((1289, 1508), 25)
((5236, 7212), 22)
((1572, 1605), 49)
((1387, 7457), 23)
((5436, 12494), 28)
((1611, 6805), 27)
((6447, 6448), 22)
((786, 1368), 24)
((821, 1387), 24)
((1210, 4477), 24)
((1211, 1473), 44)
((7222, 8001), 22)
((1007, 1116), 32)
((1347, 14648), 21)
((6206, 8001), 25)
((1594, 6206), 22)
((1402, 5239), 29)
((12679, 12681), 27)
((6452, 12487), 21)
((536, 7351), 21)
((1402, 1602), 38)
((6088, 7502), 33)
((7473, 7476), 22)
((197, 13366), 30)
((197, 1596), 34)
((786, 1604), 30)
((1387, 4767), 21)
((1402, 1448), 24)
((6989, 7048), 36)
((1123, 1203), 21)
((1007, 13552), 24)
((1572, 6206), 21)
((1116, 1611), 23)
((1605, 7071), 21)
((1402, 1508), 32)
((5238, 7476), 30)
((536, 862), 31)
((613, 1387), 39)
((6690, 6691), 23)
((1402, 1599), 26)
((197, 1402), 52)
((786, 858), 33)
((325, 1604), 24)
((1233, 7008), 29)
((6400, 6407), 23)
((6452, 9853), 21)
((1387, 1555), 23)
((66, 1526), 32)
((943, 1473), 54)
((943, 1526), 33)
((5238, 6969), 21)
((1011, 4477), 23)
((1402, 13552), 24)
((1368, 7212), 27)
((197, 7212), 41)
((1313, 1563), 25)
((5294, 6451), 34)
((1007, 1402), 63)
((1233, 1473), 124)
((943, 1011), 25)
((941, 1000), 33)
((5436, 15417), 22)
((1000, 1013), 44)
((6699, 7502), 29)
((1007, 1212), 25)
((66, 1116), 139)
((5437, 6410), 77)
((536, 7510), 21)
((1226, 1408), 28)
((1387, 7000), 21)
((999, 1387), 23)
((943, 1116), 28)
((943, 1117), 37)
((3721, 5436), 38)
((941, 968), 106)
((1471, 1597), 39)
((924, 1574), 21)
((968, 1000), 32)
((858, 1574), 21)
((6400, 6402), 29)
((536, 737), 34)
((1473, 8381), 35)
((255, 1368), 43)
((1012, 1605), 21)
((613, 1386), 45)
((1007, 1450), 21)
((8000, 13366), 39)
((307, 1313), 23)
((1473, 7222), 31)
((1605, 4767), 26)
((19521, 19996), 25)
((609, 995), 23)
((943, 1000), 56)
((524, 1627), 57)
((1473, 5467), 24)
((995, 21949), 35)
((1594, 1604), 62)
((1571, 5238), 21)
((1471, 7221), 24)
((1603, 1611), 43)
((1571, 5239), 26)
((943, 1605), 36)
((1594, 4767), 21)
((2513, 5422), 85)
((1203, 1387), 26)
((1004, 1007), 25)
((613, 1402), 30)
((255, 1450), 27)
((7166, 12110), 34)
((6008, 6452), 21)
((7517, 16280), 30)
((1471, 14841), 22)
((1473, 7006), 24)
((7518, 12873), 32)
((13322, 13330), 21)
((1473, 1621), 45)
((1386, 1604), 68)
((1553, 1571), 38)
((1402, 1621), 34)
((1526, 6701), 22)
((6085, 12042), 25)
((10296, 10298), 33)
((5239, 5422), 31)
((5422, 6461), 21)
((301, 19459), 26)
((1473, 6451), 27)
((1387, 7050), 30)
((7071, 7490), 23)
((5238, 8000), 27)
((1386, 7049), 29)
((924, 1000), 28)
((1473, 4768), 39)
((197, 325), 26)
((821, 1402), 30)
((1002, 1387), 21)
((197, 307), 26)
((7469, 7476), 105)
((80, 1402), 31)
((1473, 7237), 36)
((1603, 4767), 27)
((430, 1386), 24)
((536, 1604), 75)
((12956, 12966), 25)
((1312, 1546), 23)
((1233, 1602), 27)
((1370, 6969), 21)
((1602, 12851), 21)
((1401, 7173), 21)
((12923, 14504), 26)
((2402, 7464), 32)
((1387, 12710), 23)
((6379, 6380), 32)
((4477, 7050), 28)
((998, 21898), 24)
((1000, 12894), 21)
